                                    [0m
           [38;2;0;0;0m[48;2;110;110;110m▀    [38;2;0;0;0m[48;2;44;44;44m▀[38;2;0;0;0m[48;2;66;66;66m▀[38;2;0;0;0m[48;2;71;72;72m▀[38;2;0;0;0m[48;2;48;48;48m▀[38;2;0;0;0m[48;2;24;24;24m▀   [38;2;0;0;0m[48;2;100;100;100m▀           [0m
          [38;2;0;0;0m[48;2;32;32;32m▀[38;2;233;233;233m[48;2;231;231;231m▀[38;2;40;40;40m[48;2;129;129;129m▀[38;2;89;89;89m[48;2;0;0;0m▀[38;2;136;136;136m[48;2;0;0;0m▀[38;2;113;113;113m[48;2;0;0;0m▀[38;2;92;92;92m[48;2;0;0;0m▀[38;2;82;83;82m[48;2;0;0;0m▀[38;2;84;84;84m[48;2;0;0;0m▀[38;2;84;84;84m[48;2;0;0;0m▀[38;2;110;110;110m[48;2;0;0;0m▀[38;2;126;126;126m[48;2;0;0;0m▀[38;2;122;122;122m[48;2;0;0;0m▀[38;2;0;0;0m[48;2;59;59;59m▀[38;2;224;224;224m[48;2;244;244;244m▀[38;2;52;52;52m[48;2;101;101;101m▀          [0m
       [38;2;0;0;0m[48;2;99;99;99m▀[38;2;49;49;49m[48;2;146;146;146m▀[38;2;89;89;89m[48;2;0;0;0m▀[38;2;101;101;101m[48;2;153;153;153m▀[38;2;134;134;134m[48;2;47;47;47m▀[38;2;184;184;184m[48;2;176;176;176m▀[38;2;0;0;0m[48;2;88;88;88m▀[38;2;61;61;61m[48;2;38;38;38m▀[38;2;112;112;112m[48;2;0;0;0m▀[38;2;120;120;120m[48;2;0;0;0m▀[38;2;120;119;120m[48;2;0;0;0m▀[38;2;120;120;120m[48;2;0;0;0m▀[38;2;120;120;120m[48;2;0;0;0m▀[38;2;112;112;112m[48;2;0;0;0m▀[38;2;91;91;91m[48;2;40;40;40m▀[38;2;0;0;0m[48;2;28;28;28m▀[38;2;154;154;154m[48;2;214;214;214m▀[38;2;151;151;151m[48;2;24;24;24m▀[38;2;130;130;130m[48;2;178;178;178m▀[38;2;64;64;64m[48;2;0;0;0m▀[38;2;93;93;93m[48;2;118;118;118m▀[38;2;0;0;0m[48;2;135;135;135m▀       [0m
     [38;2;0;0;0m[48;2;104;104;104m▀[38;2;113;113;113m[48;2;105;105;105m▀[38;2;115;115;115m[48;2;0;0;0m▀[38;2;0;0;0m[48;2;26;26;26m▀[38;2;0;0;0m[48;2;32;32;32m▀[38;2;195;195;195m[48;2;209;209;209m▀[38;2;11;11;11m[48;2;24;24;24m▀[38;2;114;114;114m[48;2;18;18;18m▀[38;2;196;196;196m[48;2;255;255;255m▀[38;2;0;0;0m[48;2;36;36;36m▀[38;2;22;22;22m[48;2;81;81;81m▀[38;2;68;69;69m[48;2;54;54;54m▀[38;2;93;93;93m[48;2;25;25;25m▀[38;2;96;96;96m[48;2;18;18;18m▀[38;2;78;78;78m[48;2;44;44;44m▀[38;2;43;43;43m[48;2;86;86;86m▀ [38;2;109;109;109m[48;2;219;219;219m▀[38;2;200;201;201m[48;2;124;124;124m▀ [38;2;205;205;205m[48;2;203;203;203m▀[38;2;0;0;0m[48;2;67;67;67m▀[38;2;0;0;0m[48;2;45;45;45m▀[38;2;73;73;73m[48;2;0;0;0m▀[38;2;86;86;86m[48;2;19;19;19m▀[38;2;0;0;0m[48;2;231;231;231m▀     [0m
    [38;2;59;59;59m[48;2;152;152;152m▀[38;2;129;129;129m[48;2;0;0;0m▀ [38;2;29;29;29m[48;2;140;140;140m▀[38;2;126;126;126m[48;2;0;0;0m▀ [38;2;228;228;228m[48;2;255;255;255m▀[38;2;35;35;35m[48;2;79;79;79m▀ [38;2;243;243;243m[48;2;186;186;186m▀[38;2;148;148;148m[48;2;245;245;245m▀      [38;2;44;44;44m[48;2;181;181;181m▀[38;2;255;255;255m[48;2;246;246;246m▀[38;2;35;35;35m[48;2;0;0;0m▀ [38;2;228;228;228m[48;2;252;252;252m▀[38;2;58;58;58m[48;2;66;66;66m▀[38;2;93;93;93m[48;2;0;0;0m▀[38;2;79;79;79m[48;2;117;117;117m▀[38;2;0;0;0m[48;2;52;52;52m▀[38;2;93;93;93m[48;2;0;0;0m▀[38;2;28;28;28m[48;2;115;115;115m▀[38;2;0;0;0m[48;2;43;43;43m▀   [0m
   [38;2;114;114;114m[48;2;135;135;135m▀[38;2;45;45;45m[48;2;0;0;0m▀[38;2;0;0;0m[48;2;77;77;77m▀[38;2;136;136;136m[48;2;80;80;80m▀ [38;2;0;0;0m[48;2;103;103;103m▀[38;2;6;6;6m[48;2;26;26;26m▀[38;2;233;233;233m[48;2;203;203;203m▀[38;2;96;96;96m[48;2;84;84;84m▀ [38;2;125;125;125m[48;2;97;97;97m▀[38;2;255;255;255m[48;2;254;254;254m▀[38;2;75;75;75m[48;2;159;159;159m▀[38;2;0;0;0m[48;2;221;221;221m▀[38;2;0;0;0m[48;2;195;195;195m▀[38;2;0;0;0m[48;2;139;139;139m▀[38;2;0;0;0m[48;2;236;236;236m▀[38;2;0;0;0m[48;2;153;153;153m▀[38;2;252;252;252m[48;2;251;251;251m▀[38;2;203;203;203m[48;2;176;176;176m▀  [38;2;235;235;235m[48;2;230;230;230m▀[38;2;78;78;78m[48;2;33;33;33m▀[38;2;0;0;0m[48;2;111;111;111m▀ [38;2;137;137;137m[48;2;19;19;19m▀[38;2;0;0;0m[48;2;122;122;122m▀ [38;2;142;142;142m[48;2;94;94;94m▀[38;2;0;0;0m[48;2;63;63;63m▀  [0m
  [38;2;102;102;102m[48;2;136;136;136m▀[38;2;45;45;45m[48;2;0;0;0m▀[38;2;0;0;0m[48;2;57;57;57m▀[38;2;133;133;133m[48;2;72;73;73m▀ [38;2;39;39;39m[48;2;127;127;127m▀[38;2;108;108;108m[48;2;0;0;0m▀ [38;2;181;181;181m[48;2;184;184;184m▀[38;2;215;215;215m[48;2;245;245;245m▀ [38;2;102;102;102m[48;2;202;202;202m▀[38;2;255;255;255m[48;2;255;255;255m▀[38;2;245;245;245m[48;2;249;249;249m▀[38;2;255;255;255m[48;2;253;253;253m▀[38;2;202;202;202m[48;2;217;217;217m▀[38;2;164;164;164m[48;2;181;181;181m▀[38;2;255;255;255m[48;2;254;254;254m▀[38;2;251;251;251m[48;2;249;249;249m▀[38;2;253;253;253m[48;2;253;253;253m▀[38;2;192;192;192m[48;2;247;247;247m▀ [38;2;146;146;146m[48;2;179;179;179m▀[38;2;238;238;238m[48;2;249;249;249m▀ [38;2;52;52;52m[48;2;0;0;0m▀[38;2;97;97;97m[48;2;123;123;123m▀ [38;2;113;113;113m[48;2;13;13;13m▀[38;2;13;13;13m[48;2;107;107;107m▀ [38;2;132;132;132m[48;2;122;122;122m▀  [0m
 [38;2;22;22;22m[48;2;72;72;72m▀[38;2;113;113;113m[48;2;71;71;71m▀ [38;2;118;118;118m[48;2;124;124;124m▀ [38;2;25;25;25m[48;2;94;94;94m▀[38;2;91;92;91m[48;2;22;22;22m▀  [38;2;79;79;79m[48;2;0;0;0m▀[38;2;195;195;195m[48;2;105;105;105m▀[38;2;118;118;118m[48;2;255;255;255m▀[38;2;255;255;255m[48;2;255;255;255m▀[38;2;252;252;252m[48;2;241;241;241m▀[38;2;255;255;255m[48;2;165;165;165m▀[38;2;255;255;255m[48;2;253;253;253m▀[38;2;227;227;227m[48;2;248;248;248m▀[38;2;207;207;207m[48;2;243;243;243m▀[38;2;254;254;254m[48;2;255;255;255m▀[38;2;255;255;255m[48;2;188;188;188m▀[38;2;254;254;254m[48;2;218;218;218m▀[38;2;255;255;255m[48;2;255;255;255m▀[38;2;176;176;176m[48;2;255;255;255m▀[38;2;144;144;144m[48;2;165;165;165m▀[38;2;158;158;158m[48;2;0;0;0m▀  [38;2;47;47;47m[48;2;0;0;0m▀[38;2;80;80;80m[48;2;115;115;115m▀ [38;2;123;123;123m[48;2;94;94;94m▀ [38;2;68;68;67m[48;2;0;0;0m▀[38;2;72;72;72m[48;2;108;108;108m▀ [0m
 [38;2;97;97;97m[48;2;118;118;118m▀[38;2;24;24;24m[48;2;0;0;0m▀[38;2;0;0;0m[48;2;33;33;33m▀[38;2;97;97;97m[48;2;74;74;74m▀ [38;2;113;113;113m[48;2;111;111;111m▀   [38;2;0;0;0m[48;2;63;63;63m▀[38;2;190;190;190m[48;2;255;255;255m▀[38;2;188;188;188m[48;2;170;170;170m▀[38;2;199;199;199m[48;2;39;39;39m▀[38;2;243;243;243m[48;2;108;108;108m▀[38;2;200;200;200m[48;2;182;182;182m▀[38;2;154;154;154m[48;2;190;190;190m▀[38;2;255;255;255m[48;2;216;216;216m▀[38;2;255;255;255m[48;2;248;248;248m▀[38;2;191;191;191m[48;2;169;169;169m▀[38;2;165;165;165m[48;2;215;215;215m▀[38;2;251;251;251m[48;2;107;107;107m▀[38;2;213;213;213m[48;2;78;78;78m▀[38;2;171;171;171m[48;2;93;93;93m▀[38;2;224;224;224m[48;2;255;255;255m▀[38;2;0;0;0m[48;2;143;143;143m▀   [38;2;108;108;108m[48;2;95;95;95m▀ [38;2;53;53;53m[48;2;21;21;21m▀[38;2;59;59;59m[48;2;85;85;85m▀ [38;2;120;120;120m[48;2;128;128;129m▀ [0m
 [38;2;109;109;109m[48;2;114;114;114m▀ [38;2;42;42;42m[48;2;39;39;39m▀[38;2;73;73;73m[48;2;73;73;73m▀ [38;2;114;114;114m[48;2;112;112;112m▀    [38;2;210;210;210m[48;2;195;195;195m▀[38;2;250;250;250m[48;2;255;255;255m▀[38;2;88;88;88m[48;2;226;226;226m▀[38;2;194;194;194m[48;2;119;119;119m▀[38;2;101;101;101m[48;2;69;69;69m▀[38;2;179;179;179m[48;2;94;94;94m▀[38;2;221;221;221m[48;2;255;255;255m▀[38;2;234;234;234m[48;2;254;254;254m▀[38;2;207;206;207m[48;2;167;167;167m▀[38;2;86;86;85m[48;2;28;28;28m▀[38;2;193;193;193m[48;2;117;117;117m▀[38;2;91;91;91m[48;2;186;186;186m▀[38;2;215;215;215m[48;2;255;255;255m▀[38;2;240;240;240m[48;2;242;242;242m▀[38;2;53;53;53m[48;2;0;0;0m▀   [38;2;84;84;84m[48;2;92;92;93m▀[38;2;22;22;22m[48;2;11;11;11m▀ [38;2;94;94;94m[48;2;89;89;89m▀ [38;2;115;115;115m[48;2;127;127;127m▀ [0m
 [38;2;104;104;104m[48;2;80;80;80m▀[38;2;6;6;6m[48;2;48;48;48m▀[38;2;16;16;16m[48;2;0;0;0m▀[38;2;84;84;84m[48;2;110;110;110m▀ [38;2;114;114;114m[48;2;110;110;110m▀    [38;2;72;71;71m[48;2;14;14;14m▀[38;2;243;243;243m[48;2;102;102;102m▀[38;2;219;219;219m[48;2;164;164;164m▀[38;2;255;255;255m[48;2;203;203;203m▀[38;2;231;231;231m[48;2;255;255;255m▀[38;2;99;99;99m[48;2;152;152;152m▀[38;2;248;247;248m[48;2;231;231;231m▀[38;2;255;255;255m[48;2;255;255;255m▀[38;2;123;123;123m[48;2;151;150;151m▀[38;2;185;184;185m[48;2;246;246;246m▀[38;2;255;255;255m[48;2;238;238;238m▀[38;2;239;239;239m[48;2;156;156;156m▀[38;2;237;237;237m[48;2;137;137;137m▀[38;2;140;140;140m[48;2;0;0;0m▀    [38;2;107;107;107m[48;2;120;120;120m▀ [38;2;36;36;36m[48;2;80;80;80m▀[38;2;67;67;67m[48;2;36;36;36m▀ [38;2;124;124;124m[48;2;115;114;115m▀ [0m
 [38;2;42;42;42m[48;2;0;0;0m▀[38;2;97;97;97m[48;2;132;132;132m▀ [38;2;122;122;122m[48;2;91;91;91m▀[38;2;0;0;0m[48;2;32;32;32m▀[38;2;66;67;66m[48;2;0;0;0m▀[38;2;57;57;57m[48;2;122;122;122m▀  [38;2;0;0;0m[48;2;16;16;16m▀[38;2;161;161;161m[48;2;241;241;241m▀ [38;2;79;79;79m[48;2;0;0;0m▀[38;2;127;127;127m[48;2;8;8;8m▀[38;2;255;255;255m[48;2;241;241;241m▀[38;2;176;176;176m[48;2;215;215;215m▀[38;2;231;231;231m[48;2;238;238;238m▀[38;2;255;255;255m[48;2;251;251;251m▀[38;2;179;179;180m[48;2;202;202;202m▀[38;2;255;255;255m[48;2;255;255;255m▀[38;2;174;174;174m[48;2;75;75;75m▀[38;2;94;94;94m[48;2;0;0;0m▀ [38;2;124;124;124m[48;2;216;216;216m▀[38;2;66;66;66m[48;2;112;112;112m▀  [38;2;16;16;16m[48;2;96;96;96m▀[38;2;105;105;105m[48;2;29;29;29m▀ [38;2;115;115;115m[48;2;121;121;121m▀ [38;2;45;45;45m[48;2;107;107;107m▀[38;2;91;91;91m[48;2;33;33;33m▀ [0m
  [38;2;123;123;123m[48;2;43;43;43m▀[38;2;0;0;0m[48;2;110;110;110m▀ [38;2;115;115;115m[48;2;112;112;112m▀[38;2;0;0;0m[48;2;18;18;18m▀[38;2;98;99;99m[48;2;0;0;0m▀[38;2;49;49;49m[48;2;136;136;136m▀ [38;2;123;123;123m[48;2;135;135;135m▀[38;2;255;255;255m[48;2;255;255;255m▀[38;2;110;110;110m[48;2;247;247;247m▀[38;2;0;0;0m[48;2;62;61;61m▀ [38;2;195;195;195m[48;2;174;174;174m▀[38;2;255;255;255m[48;2;217;217;217m▀[38;2;255;255;255m[48;2;130;130;130m▀[38;2;255;255;255m[48;2;133;133;133m▀[38;2;255;255;255m[48;2;184;184;184m▀[38;2;243;243;243m[48;2;232;232;232m▀  [38;2;64;64;64m[48;2;227;227;227m▀[38;2;252;252;252m[48;2;255;255;255m▀[38;2;195;195;195m[48;2;201;201;201m▀ [38;2;0;0;0m[48;2;120;120;120m▀[38;2;125;125;125m[48;2;19;19;19m▀ [38;2;80;80;80m[48;2;136;136;136m▀[38;2;58;58;58m[48;2;0;0;0m▀[38;2;0;0;0m[48;2;59;59;59m▀[38;2;138;138;138m[48;2;96;96;96m▀  [0m
   [38;2;135;135;135m[48;2;33;33;33m▀[38;2;0;0;0m[48;2;127;127;127m▀ [38;2;133;133;133m[48;2;74;74;74m▀[38;2;0;0;0m[48;2;99;99;99m▀[38;2;35;35;35m[48;2;0;0;0m▀[38;2;126;126;126m[48;2;71;71;71m▀[38;2;0;0;0m[48;2;131;131;131m▀[38;2;127;127;127m[48;2;0;0;0m▀[38;2;255;255;255m[48;2;159;159;159m▀[38;2;152;152;152m[48;2;236;236;236m▀ [38;2;153;153;153m[48;2;18;18;18m▀[38;2;203;203;203m[48;2;249;249;249m▀[38;2;0;0;0m[48;2;123;123;123m▀[38;2;0;0;0m[48;2;38;38;38m▀[38;2;127;127;127m[48;2;255;255;254m▀[38;2;229;229;229m[48;2;102;102;102m▀ [38;2;71;71;71m[48;2;171;171;171m▀[38;2;255;255;255m[48;2;222;222;222m▀[38;2;190;190;190m[48;2;0;0;0m▀[38;2;0;0;0m[48;2;92;92;92m▀[38;2;91;91;91m[48;2;117;117;117m▀[38;2;85;85;85m[48;2;0;0;0m▀[38;2;0;0;0m[48;2;53;53;53m▀[38;2;103;103;103m[48;2;117;117;117m▀[38;2;51;51;51m[48;2;0;0;0m▀[38;2;0;0;0m[48;2;84;84;84m▀[38;2;144;144;144m[48;2;91;91;92m▀   [0m
    [38;2;111;111;111m[48;2;0;0;0m▀[38;2;72;72;71m[48;2;145;145;145m▀[38;2;0;0;0m[48;2;31;31;31m▀[38;2;104;104;104m[48;2;0;0;0m▀[38;2;73;73;73m[48;2;111;111;111m▀[38;2;0;0;0m[48;2;93;93;93m▀[38;2;51;51;51m[48;2;0;0;0m▀[38;2;133;133;133m[48;2;24;24;24m▀[38;2;0;0;0m[48;2;110;110;110m▀[38;2;202;202;202m[48;2;44;44;44m▀[38;2;29;29;29m[48;2;75;76;75m▀ [38;2;39;39;39m[48;2;0;0;0m▀[38;2;137;137;137m[48;2;6;6;6m▀[38;2;138;138;138m[48;2;36;36;36m▀[38;2;80;80;80m[48;2;0;0;0m▀ [38;2;0;0;0m[48;2;22;22;22m▀[38;2;211;211;211m[48;2;89;89;89m▀[38;2;19;19;19m[48;2;57;57;57m▀[38;2;87;87;87m[48;2;96;96;96m▀[38;2;99;99;99m[48;2;0;0;0m▀[38;2;0;0;0m[48;2;49;49;49m▀[38;2;28;28;28m[48;2;138;138;138m▀[38;2;134;134;134m[48;2;0;0;0m▀ [38;2;13;13;13m[48;2;153;153;153m▀[38;2;148;148;148m[48;2;4;4;4m▀    [0m
      [38;2;151;151;151m[48;2;0;0;0m▀[38;2;26;26;26m[48;2;150;150;150m▀[38;2;0;0;0m[48;2;58;58;58m▀[38;2;92;92;92m[48;2;0;0;0m▀[38;2;131;131;131m[48;2;26;26;26m▀[38;2;0;0;0m[48;2;124;124;124m▀[38;2;118;118;118m[48;2;71;71;71m▀[38;2;61;61;61m[48;2;132;132;132m▀ [38;2;0;0;0m[48;2;31;31;31m▀[38;2;77;77;77m[48;2;228;228;228m▀[38;2;195;195;195m[48;2;61;61;61m▀[38;2;197;197;197m[48;2;26;26;26m▀[38;2;129;129;129m[48;2;208;208;208m▀[38;2;0;0;0m[48;2;107;107;107m▀ [38;2;11;11;11m[48;2;100;100;100m▀[38;2;149;149;149m[48;2;94;94;94m▀[38;2;0;0;0m[48;2;108;108;108m▀[38;2;100;100;100m[48;2;74;74;74m▀[38;2;123;123;123m[48;2;0;0;0m▀ [38;2;0;0;0m[48;2;156;156;156m▀[38;2;153;153;153m[48;2;42;42;42m▀[38;2;36;36;36m[48;2;0;0;0m▀     [0m
        [38;2;131;131;131m[48;2;0;0;0m▀[38;2;119;119;119m[48;2;72;72;72m▀[38;2;0;0;0m[48;2;147;147;147m▀[38;2;0;0;0m[48;2;81;81;81m▀ [38;2;78;78;78m[48;2;0;0;0m▀ [38;2;115;115;115m[48;2;89;89;89m▀[38;2;152;152;151m[48;2;113;114;113m▀  [38;2;69;69;69m[48;2;54;54;54m▀[38;2;184;184;184m[48;2;136;136;136m▀ [38;2;104;104;104m[48;2;0;0;0m▀ [38;2;0;0;0m[48;2;54;54;54m▀[38;2;0;0;0m[48;2;149;149;149m▀[38;2;86;86;86m[48;2;110;110;110m▀[38;2;153;153;153m[48;2;0;0;0m▀[38;2;14;14;14m[48;2;0;0;0m▀       [0m
           [38;2;88;88;88m[48;2;0;0;0m▀[38;2;144;143;143m[48;2;0;0;0m▀ [38;2;53;53;53m[48;2;114;114;114m▀[38;2;214;214;214m[48;2;255;255;255m▀[38;2;212;212;212m[48;2;255;255;255m▀[38;2;232;232;232m[48;2;197;197;197m▀[38;2;238;238;238m[48;2;168;168;168m▀[38;2;215;215;215m[48;2;255;255;255m▀[38;2;214;214;214m[48;2;255;255;255m▀[38;2;117;118;118m[48;2;184;184;184m▀ [38;2;129;129;129m[48;2;0;0;0m▀[38;2;113;113;113m[48;2;0;0;0m▀           [0m
              [38;2;105;105;105m[48;2;105;105;105m▀[38;2;253;253;253m[48;2;253;253;253m▀[38;2;254;254;254m[48;2;254;254;254m▀[38;2;57;57;57m[48;2;126;126;126m▀[38;2;0;0;0m[48;2;61;61;61m▀[38;2;242;242;242m[48;2;254;254;254m▀[38;2;253;253;253m[48;2;254;254;254m▀[38;2;174;174;174m[48;2;176;176;176m▀              [0m
              [38;2;114;114;114m[48;2;62;62;62m▀[38;2;255;255;255m[48;2;229;229;229m▀[38;2;255;255;255m[48;2;229;229;229m▀[38;2;167;167;167m[48;2;240;240;240m▀[38;2;132;132;132m[48;2;244;244;244m▀[38;2;255;255;255m[48;2;228;228;228m▀[38;2;255;255;255m[48;2;232;232;232m▀[38;2;188;187;187m[48;2;125;125;125m▀              [0m
                                    [0m
